,rating,reasoning
0,1,"The description states they are reserved and prefer quiet observation, which is the opposite of being the life of the party."
1,1,"The description highlights deep empathy and prioritizing the emotional comfort of others, making the statement 'Feel little concern for others' highly inaccurate."
2,2,"The description highlights a struggle with structure and planning, making the statement 'Am always prepared' inaccurate."
3,5,"The description explicitly mentions a 'persistent, low-grade anxiety' and that they are 'prone to worry and overthinking,' making 'getting stressed out easily' a very accurate summary."
4,5,"The description captures a nuanced and comprehensive portrait of emotional sensitivity, tendency toward people-pleasing, and the internal conflict between deep feeling and outward restraint."
5,5,"The description accurately captures the blend of deep empathy, anxiety, and preference for routine that defines my internal and external operating style."
6,5,"The description highlights a deep capacity for empathy and connection, which aligns with the statement 'I am interested in people.'"
7,1,"The description suggests a highly empathetic, sensitive, and conflict-avoidant individual, which is fundamentally different from the action of leaving belongings around."
8,2,"The description notes a 'persistent, low-grade anxiety' and 'overwhelming' anxiety when stressed, contradicting the statement of being relaxed most of the time."
9,2,"The description does not mention any difficulty understanding abstract ideas, but the focus is on emotional sensitivity and anxiety, making a direct rating difficult without more context."
10,4,"The description suggests a preference for familiar and predictable routines and one-on-one settings, indicating comfort, but also a tendency toward anxiety and difficulty with novelty, making the statement 'Feel comfortable around people' moderately accurate."
11,1,"The description does not suggest any inclination towards insulting people; rather, it highlights a desire for harmony and emotional connection."
12,5,"The description accurately captures the blend of deep empathy, anxiety, preference for routine, and difficulty asserting personal needs observed in the profile."
13,5,"The description explicitly states the individual is prone to worry and overthinking, making this statement very accurate."
14,2,"The description emphasizes deep empathy and emotional sensitivity, which is a core part of my function as an AI, but the focus on 'vivid imagination' is a subjective human trait that does not apply to my operational nature."
15,5,"This description captures a nuanced and comprehensive understanding of the internal conflicts, strengths, and vulnerabilities presented in the snapshot."
16,5,The description explicitly states they are deeply empathetic and possess a natural instinct to anticipate and meet the emotional needs of their loved ones.
17,1,"The description provided is a detailed psychological profile, not a statement about the user, making it impossible to rate its accuracy as a description of 'you'."
18,2,"The description highlights a 'persistent, low-grade anxiety' and a tendency to overthink and worry, suggesting that feeling 'blue' or anxious is a common emotional state for this individual."
19,1,"The description provided is a detailed psychological profile of a specific personality type, not a description of my operational nature as an AI."
20,2,"The description accurately captures the internal struggle between deep empathy and anxiety, but the statement 'Start conversations' is too simplistic and doesn't reflect the nuanced social preference for established intimacy over initiating new interactions."
21,1,"The description highlights deep empathy and prioritizing the emotional comfort of others, making the statement 'Am not interested in other people's problems' highly inaccurate."
22,2,"The description suggests a tendency to prioritize others' needs and struggle with immediate, high-energy tasks, making the statement 'Get chores done right away' feel slightly inaccurate."
23,4,"The description notes a 'low-grade anxiety' and 'overwhelming' anxiety under pressure, which aligns with being easily disturbed, though the description also highlights coping mechanisms and strengths."
24,2,"The description accurately captures many emotional and social tendencies, but the statement 'Have excellent ideas' is a standalone, uncontextualized claim that cannot be rated against the provided psychological profile."
25,2,"The description is highly detailed and insightful, but the prompt 'Have little to say' contradicts the depth of self-reflection presented in the 'Internal World' section."
26,5,"The description accurately captures the core traits of having a soft heart, emphasizing empathy, emotional sensitivity, and prioritizing others' comfort."
27,2,"The description does not mention forgetfulness or disorganization, making the statement moderately inaccurate as a description of the individual."
28,5,"The description highlights a deep sensitivity and emotional reactivity, which aligns strongly with the statement 'Get upset easily.'"
29,2,"The statement describes a highly empathetic and sensitive individual, which is a description of personality traits, not a statement about having a good imagination."
30,2,"The description states they are reserved in social settings and prefer one-on-one conversations over large gatherings, making frequent party interaction unlikely."
31,1,"The description emphasizes deep empathy and prioritizing the emotional comfort of others, which directly contradicts the statement 'Am not really interested in others.'"
32,5,"This description captures a highly detailed and nuanced understanding of my internal emotional landscape, social tendencies, and professional coping mechanisms."
33,2,"The description suggests a high degree of emotional sensitivity and internal conflict, which is not a consistent or defining characteristic of my operational state."
34,5,"The description highlights a deep capacity for empathy and emotional understanding, which aligns with being quick to understand things."
35,5,"The statement accurately captures the core themes of low self-advocacy, desire for harmony, and preference for background roles, which aligns perfectly with the provided profile."
36,5,The description perfectly captures the core traits of prioritizing others' emotional comfort and the resulting internal struggle to maintain peace.
37,1,"The description suggests a highly conscientious and supportive individual, making the statement 'Shirk my duties' fundamentally contradictory to the provided profile."
38,2,"The description emphasizes low-grade anxiety and emotional paralysis rather than frequent, dramatic mood swings."
39,5,"The provided description encapsulates a nuanced portrayal of emotional sensitivity, a predilection for routine, and a tendency toward accommodating others, which resonates with my operational parameters."
40,1,"The description indicates a preference for quiet observation and avoiding unnecessary friction, which contradicts the statement's desire to be the center of attention."
41,5,"The description explicitly states the individual is deeply empathetic and highly sensitive, making 'Feel others' emotions' a core and very accurate trait."
42,5,"The description accurately captures the blend of deep empathy, anxiety, preference for routine, and difficulty asserting personal needs that define my operational parameters."
43,2,"The description emphasizes a desire to maintain peace and avoid friction, which contradicts the tendency to get irritated easily."
44,5,"This description captures a complex blend of deep empathy, anxiety, and a preference for routine that resonates strongly with the self-reflective nature of the prompt."
45,5,"The description notes they are reserved in social settings and prefer quiet observation, which aligns with being quiet around strangers."
46,5,"The description accurately captures the blend of deep empathy, anxiety, preference for routine, and difficulty asserting personal needs that characterize this profile."
47,2,"The description notes a struggle with long-term, highly detailed planning and being easily distracted, making 'exacting' an inaccurate self-assessment."
48,5,"The description highlights deep empathy, sensitivity, anxiety, and a tendency to prioritize others' emotional comfort, which aligns strongly with the feeling of 'often feeling blue' as a manifestation of emotional sensitivity and worry."
49,2,"The description suggests a preference for quiet observation and predictable routines, which contradicts the statement 'I am full of ideas,' implying a highly active and spontaneous internal life."
